home: 52.37369,-1.548778,138.6;
dcs: 52.38381,-1.560159,131.5;
